  PRES   HGHT   TEMP   DWPT   RELH   MIXR   DRCT   SKNT   THTA   THTE   THTV
    hPa     m      C      C      %    g/kg    deg   knot     K      K      K 
-----------------------------------------------------------------------------
 1012.0      3   29.0   22.0     66  16.75    245      6  301.1  350.6  304.1
 1010.0     20   27.2   19.2     62  14.06    247      7  299.5  340.8  302.0
 1000.0    107   25.8   19.8     69  14.76    260     11  298.9  342.2  301.6
  925.0    790   19.6   16.2     81  12.68    275     14  299.3  336.6  301.6
  917.0    865   19.2   14.6     75  11.52    278     14  299.7  333.6  301.8
  915.0    884   20.2   11.2     56   9.21    279     14  300.9  328.3  302.6
  913.0    903   21.0    7.0     40   6.93    280     14  301.9  322.9  303.2
  888.0   1142   21.2   -0.8     23   4.08    282     11  304.5  317.3  305.3
  852.0   1498   18.6    0.3     29   4.62    285      6  305.4  319.8  306.2
  850.0   1518   18.4    0.4     30   4.66    285      5  305.4  320.0  306.3
  830.0   1721   16.4    0.4     34   4.77    338      2  305.4  320.3  306.3
  822.0   1803   16.0   -0.5     32   4.52      0      1  305.9  320.0  306.7
  794.0   2096   14.8   -3.6     28   3.70     80      6  307.5  319.3  308.2
  770.0   2355   13.6   -6.4     24   3.09     95      9  309.0  319.0  309.6
  750.0   2576   11.8    2.8     54   6.28    108     12  309.4  329.0  310.5
  739.0   2700   10.9    3.7     61   6.81    115     14  309.7  330.9  310.9
  738.0   2711   10.8    3.8     62   6.86    116     14  309.7  331.1  311.0
  713.0   2997    9.6   -4.5     36   3.85    150     15  311.5  323.9  312.2
  700.0   3150    9.0   -9.0     27   2.78    150     18  312.4  321.6  312.9
  684.0   3340    7.2   -6.8     36   3.37    159     15  312.5  323.5  313.1
  663.0   3596    6.8  -21.1     12   1.08    170     11  314.9  318.7  315.1
  660.0   3633    6.8  -23.2     10   0.90    172     10  315.2  318.4  315.4
  640.0   3883    5.6  -25.7      8   0.74    185      7  316.7  319.4  316.8
  630.0   4012    5.0  -27.0      8   0.67    202      7  317.4  319.8  317.5
  594.0   4480    1.3  -29.7      8   0.55    265      8  318.5  320.5  318.6
  572.0   4781   -1.1  -31.4      8   0.49    285     12  319.2  321.0  319.3
  528.0   5418   -6.1  -35.1      8   0.37    276     25  320.5  321.9  320.6
  502.0   5809   -9.3  -33.3     12   0.46    270     32  321.3  323.0  321.4
  500.0   5840   -9.3  -32.3     14   0.51    270     33  321.6  323.6  321.7
  490.0   5996  -10.0  -25.8     26   0.96    260     38  322.7  326.2  322.9
  482.0   6124  -10.5  -20.5     44   1.56    256     37  323.6  329.1  323.9
  479.0   6172  -10.5  -22.5     37   1.32    254     36  324.1  328.9  324.4
  451.0   6635  -13.5  -23.5     43   1.28    239     32  326.0  330.6  326.2
  435.0   6909  -15.3  -31.6     23   0.63    230     30  327.1  329.5  327.2
  421.0   7157  -16.9  -38.9     13   0.31    238     31  328.1  329.4  328.2
  400.0   7540  -19.9  -46.9      7   0.14    250     33  329.0  329.6  329.1
  386.0   7802  -21.9  -44.9     11   0.18    255     31  329.7  330.5  329.8
  350.0   8520  -27.5  -39.5     31   0.36    241     46  331.6  333.0  331.6
  335.0   8836  -28.9  -41.9     27   0.29    235     53  333.8  335.0  333.9
  324.0   9075  -30.5  -40.5     37   0.35    230     58  334.8  336.2  334.9
  318.0   9208  -31.5  -35.6     67   0.58    228     61  335.2  337.5  335.4
  301.0   9596  -34.3  -39.3     61   0.42    220     70  336.6  338.2  336.6
  300.0   9620  -34.5  -39.5     60   0.41    220     69  336.6  338.3  336.7
  271.0  10323  -39.3  -49.3     34   0.16    223     73  339.6  340.3  339.6
  250.0  10870  -44.3  -55.3     28   0.08    225     77  340.1  340.4  340.1
  210.0  12010  -55.0  -60.2     53   0.05    230     75  340.7  341.0  340.7
  209.0  12041  -55.3  -60.3     54   0.05    230     75  340.7  341.0  340.7
  200.0  12320  -57.5  -64.5     40   0.03    235     77  341.6  341.7  341.6
  193.0  12545  -57.3  -69.3     20   0.02    235     77  345.4  345.4  345.4
  177.0  13087  -61.3  -74.3     16   0.01    235     75  347.4  347.5  347.4
  151.0  14069  -62.7  -80.7      7   0.00    235     73  361.2  361.2  361.2
  150.0  14110  -62.9  -80.9      7   0.00    235     73  361.5  361.6  361.5
  136.0  14706  -66.0  -84.0      6   0.00    240     66  366.3  366.3  366.3
  125.0  15219  -68.7  -86.7      6   0.00    229     59  370.4  370.4  370.4
  119.0  15514  -69.1  -87.1      6   0.00    222     55  374.9  374.9  374.9
  117.0  15614  -69.7  -87.6      6   0.00    220     54  375.6  375.6  375.6
  101.0  16481  -74.8  -91.8      6   0.00    240     49  381.9  382.0  381.9
  100.0  16540  -75.1  -92.1      6   0.00    240     50  382.4  382.4  382.4
   99.2  16586  -75.7  -92.7      6   0.00                382.1  382.1  382.1
